  - Graph constructor
    - V()
    - E()
    - Vertices()
    - Construct
  - BFSPaths:
    - HasPath
    - PathTo
    - Distance
    - Traversal

Potential Deductions:
   Memory Leaks
   Console Spam
   Compiler warnings
   Binary or generated files in repository
-------------------------------------------------------------------------------
Total: 0/12

Notes:
------

   * This assignment was not completed.  If you forgot to push it, do so
     immediately if you would like a grade.


Compiling testGraph: 
g++: error: graph.cpp: No such file or directory
 
Compiling testBFSPaths: 
g++: error: bfsPaths.cpp: No such file or directory
g++: error: graph.cpp: No such file or directory
Running testGraph [graph.dat]:
0a1,203
> |V| = 200
> |E| = 465
> Vertex	Adj List
> 12275	24826 41128 63556 96812 
> 12694	25359 55916 97353 109871 
> 17411	17482 34414 51574 78655 112767 
> 17482	17411 26546 78655 
> 19588	41128 52935 91548 109610 
> 19697	35087 80069 130355 
> 24826	12275 26546 41128 63556 71529 
> 25359	12694 28816 34414 55864 111815 
> 26546	17482 24826 71529 96812 
> 28816	25359 55864 109871 117921 
> 34414	17411 25359 51574 55916 111815 
> 35087	19697 52935 80069 107903 
> 41128	12275 19588 24826 63556 91548 113095 
> 51574	17411 34414 111815 
> 52935	19588 35087 91548 109610 130355 
> 55864	25359 28816 55916 109871 
> 55916	12694 34414 55864 97353 109871 117921 
> 63556	12275 24826 41128 91548 96812 113095 
> 71529	24826 26546 96812 117452 125498 
> 78655	17411 17482 124541 125498 
> 80069	19697 35087 107903 157473 
> 91548	19588 41128 52935 63556 113095 145559 
> 96812	12275 26546 63556 71529 113095 117452 176915 
> 97353	12694 55916 109871 111815 141477 181952 
> 107903	35087 80069 109610 161008 
> 109610	19588 52935 107903 130355 170807 
> 109871	12694 28816 55864 55916 97353 117921 
> 111815	25359 34414 51574 97353 112767 141477 175729 
> 112767	17411 111815 124541 163200 175729 
> 113095	41128 63556 91548 96812 145559 169777 
> 117452	71529 96812 176915 
> 117921	28816 55916 109871 
> 124541	78655 112767 125498 180378 208219 
> 125498	71529 78655 124541 177733 180378 
> 130355	19697 52935 109610 161008 170807 
> 141477	97353 111815 175729 179196 
> 145559	91548 113095 169777 170807 193256 216611 
> 157473	80069 161008 208741 239381 
> 161008	107903 130355 157473 210490 223942 239381 
> 163200	112767 175729 180378 211761 
> 169777	113095 145559 176915 216611 246270 
> 170807	109610 130355 145559 193256 210490 223942 229292 
> 175729	111815 112767 141477 163200 181952 211761 219804 
> 176915	96812 117452 169777 220060 239008 
> 177733	125498 180378 232586 
> 179196	141477 181952 198920 235906 244840 
> 180378	124541 125498 163200 177733 220060 232586 
> 181952	97353 175729 179196 219804 235906 
> 193256	145559 170807 229292 267949 
> 198920	179196 244840 293419 
> 208219	124541 211761 232586 
> 208741	157473 210490 239381 278001 
> 210490	161008 170807 208741 223942 239381 278001 
> 211761	163200 175729 208219 219804 268450 
> 216611	145559 169777 246270 267949 
> 219804	175729 181952 211761 268450 271956 
> 220060	176915 180378 232586 301948 
> 223942	161008 170807 210490 229292 285142 
> 229292	170807 193256 223942 267949 285142 
> 232586	177733 180378 208219 220060 260405 279379 
> 235906	179196 181952 271956 283587 293419 
> 239008	176915 301948 308360 
> 239381	157473 161008 208741 210490 304165 
> 244840	179196 198920 271956 283587 293419 
> 246270	169777 216611 267949 297505 308360 
> 260405	232586 268450 279379 305386 
> 267949	193256 216611 229292 246270 314801 
> 268450	211761 219804 260405 305386 
> 271956	219804 235906 244840 283587 
> 278001	208741 210490 285142 304165 
> 279379	232586 260405 301948 
> 283587	235906 244840 271956 343045 360950 
> 285142	223942 229292 278001 330183 
> 293419	198920 235906 244840 360950 
> 297505	246270 301948 308360 351507 
> 301948	220060 239008 279379 297505 326165 351507 357738 
> 304165	239381 278001 360820 361772 
> 305386	260405 268450 317928 326165 370146 377439 
> 308360	239008 246270 297505 324623 351507 374980 
> 314801	267949 324623 330183 377804 
> 317928	305386 343045 370146 398002 
> 324623	308360 314801 374980 380445 
> 326165	301948 305386 357738 377439 
> 330183	285142 314801 360820 390468 
> 343045	283587 317928 360950 371806 398002 
> 351507	297505 301948 308360 357738 374980 395573 
> 357738	301948 326165 351507 395573 
> 360820	304165 330183 361772 390468 
> 360950	283587 293419 343045 371806 411374 
> 361772	304165 360820 412148 
> 370146	305386 317928 370146 416056 447600 
> 371806	343045 360950 398002 411374 427644 462699 
> 374980	308360 324623 351507 380445 419950 
> 377439	305386 326165 408099 416056 436851 
> 377804	314801 390468 429084 437235 
> 380445	324623 374980 422719 429084 
> 390468	330183 360820 377804 429084 456224 
> 395573	351507 357738 408099 419950 433402 
> 398002	317928 343045 371806 416056 427644 
> 408099	377439 395573 436851 453154 485502 
> 411374	360950 371806 427644 462646 462699 
> 412148	361772 456224 477877 
> 416056	370146 377439 398002 447600 479057 487106 
> 419950	374980 395573 422719 433402 453154 458680 
> 422719	380445 419950 429084 458680 491118 
> 427644	371806 398002 411374 462699 487106 501432 
> 429084	377804 380445 390468 422719 437235 
> 433402	395573 419950 453154 458680 
> 436851	377439 408099 447600 485440 485502 522369 
> 437235	377804 429084 456224 489471 490280 
> 447600	370146 416056 436851 485440 
> 453154	408099 419950 433402 485502 
> 456224	390468 412148 437235 477877 524605 549865 
> 458680	419950 422719 433402 491118 507262 
> 462646	411374 462646 462699 542716 
> 462699	371806 411374 427644 462646 501432 
> 477877	412148 456224 524605 549865 
> 479057	416056 534838 552917 
> 485440	436851 447600 485502 552917 
> 485502	408099 436851 453154 485440 554850 
> 487106	416056 427644 501432 534838 536574 
> 489471	437235 490280 535334 566878 
> 490280	437235 489471 491118 537968 
> 491118	422719 458680 490280 537968 
> 501432	427644 462699 487106 525673 536574 559007 
> 503587	507262 554850 557623 
> 507262	458680 503587 574793 
> 522369	436851 552917 554850 584492 
> 524605	456224 477877 535334 549865 602062 
> 525673	501432 542716 559007 581442 
> 534838	479057 487106 536574 552917 587981 
> 535334	489471 524605 537968 578511 
> 536574	487106 501432 534838 579789 
> 537968	490280 491118 535334 578511 627995 
> 542716	462646 525673 607586 
> 549865	456224 477877 524605 566878 602062 
> 552917	479057 485440 522369 534838 587981 619517 
> 554850	485502 503587 522369 584492 
> 557623	503587 574793 616149 634989 
> 559007	501432 525673 579789 607586 628335 
> 566878	489471 549865 578511 602062 621759 
> 574793	507262 557623 574793 616149 627045 
> 578511	535334 537968 566878 621759 627045 627995 
> 579789	536574 559007 587981 625747 628335 
> 581442	525673 607586 653481 659719 
> 584492	522369 554850 652931 665480 
> 587981	534838 552917 579789 619517 625747 
> 602062	524605 549865 566878 668681 
> 607586	542716 559007 581442 628335 659719 
> 616149	557623 574793 634989 662086 668333 
> 619517	552917 587981 625747 665480 
> 621759	566878 578511 645225 673021 679381 
> 625747	579789 587981 619517 652701 
> 627045	574793 578511 673021 675640 
> 627995	537968 578511 673021 
> 628335	559007 579789 607586 652701 653481 685017 
> 634989	557623 616149 652931 668333 697967 
> 645225	621759 668681 679381 728929 734379 
> 652701	625747 628335 670768 713859 713943 
> 652931	584492 634989 665480 704215 
> 653481	581442 628335 685017 711076 
> 659719	581442 607586 685017 711076 729915 
> 662086	616149 668333 675640 725101 732237 
> 665480	584492 619517 652931 692426 704215 
> 668333	616149 634989 662086 725101 732237 
> 668681	602062 645225 728929 734379 776654 
> 670768	652701 692426 729294 
> 673021	621759 627045 627995 679381 730561 
> 675640	627045 662086 725101 730561 
> 679381	621759 645225 673021 724344 728929 
> 685017	628335 653481 659719 711076 713859 729915 
> 692426	665480 670768 713943 739282 778751 
> 697967	634989 704215 732237 742048 
> 704215	652931 665480 697967 739282 742048 
> 711076	653481 659719 685017 713859 729915 759771 766913 791131 
> 713859	652701 685017 711076 759771 
> 713943	652701 692426 729294 778751 789602 
> 724344	679381 728929 730561 797215 
> 725101	662086 668333 675640 730561 732237 783594 798957 
> 728929	645225 668681 679381 724344 783772 
> 729294	670768 713943 778751 789602 
> 729915	659719 685017 711076 766913 791131 
> 730561	673021 675640 724344 725101 783594 797215 798957 
> 732237	662086 668333 697967 725101 783594 787087 791641 
> 734379	645225 668681 776654 
> 739282	692426 704215 742048 784281 789602 
> 742048	697967 704215 739282 784281 791641 
> 759771	711076 713859 766913 778751 791131 
> 766913	711076 729915 759771 
> 776654	668681 734379 783772 
> 778751	692426 713943 729294 759771 
> 783594	725101 730561 732237 787087 797215 
> 783772	728929 776654 797215 798957 
> 784281	739282 742048 787087 789602 
> 787087	732237 783594 784281 791641 
> 789602	713943 729294 739282 784281 
> 791131	711076 729915 759771 
> 791641	732237 742048 787087 798957 
> 797215	724344 730561 783594 783772 
> 798957	725101 730561 783772 791641 
 
Running testGraph [sparseGraph.dat]:
0a1,153
> |V| = 150
> |E| = 241
> Vertex	Adj List
> 14945	51881 56296 
> 17552	56296 67018 100410 
> 19042	57675 88392 116218 
> 25067	27716 34118 55781 86267 
> 25827	27716 51881 
> 27716	25067 25827 86267 
> 29083	39823 97483 
> 34118	25067 55781 
> 39823	29083 97483 
> 45330	67018 97483 
> 51881	14945 25827 91534 
> 55781	25067 34118 86267 
> 56296	14945 17552 67018 100410 
> 57675	19042 88392 116218 124251 
> 67018	17552 45330 56296 120131 
> 86267	25067 27716 55781 149228 
> 88392	19042 57675 116218 135237 
> 91534	51881 134674 150060 
> 97483	29083 39823 45330 105655 
> 100410	17552 56296 120131 134674 155283 
> 105655	97483 155166 
> 116218	19042 57675 88392 124251 141465 
> 120131	67018 100410 155283 184936 
> 124251	57675 116218 173752 
> 134674	91534 100410 150060 
> 135237	88392 141465 173092 
> 141252	193392 221341 
> 141465	116218 135237 172011 188315 
> 149228	86267 150060 193392 197831 
> 150060	91534 134674 149228 
> 155166	105655 173092 184936 212762 
> 155283	100410 120131 184936 185951 
> 172011	141465 227846 
> 173092	135237 155166 188315 212762 241508 
> 173752	124251 227846 282619 
> 184936	120131 155166 155283 234503 
> 185951	155283 185951 234503 
> 188315	141465 173092 227846 
> 193392	141252 149228 197831 221341 255469 
> 197831	149228 193392 246394 
> 200432	246394 257108 
> 212762	155166 173092 241508 
> 221341	141252 193392 254676 255469 
> 227846	172011 173752 188315 263816 287300 
> 234503	184936 185951 255250 267734 
> 241508	173092 212762 
> 246394	197831 200432 255469 299456 
> 254676	221341 277131 333852 
> 255250	234503 257108 303857 
> 255469	193392 221341 246394 277131 301382 
> 257108	200432 255250 299456 303857 
> 263816	227846 309698 
> 267734	234503 301885 
> 277131	254676 255469 333852 
> 280154	287300 321605 332337 
> 282619	173752 309698 344713 
> 287300	227846 280154 334979 
> 299456	246394 257108 
> 301382	255469 333852 334640 
> 301885	267734 321605 359546 
> 303857	255250 257108 352517 374928 
> 309698	263816 282619 
> 321605	280154 301885 383759 397189 
> 332337	280154 334979 
> 333852	254676 277131 301382 374380 405831 
> 334640	301382 353481 398565 
> 334979	287300 332337 389918 404226 
> 344713	282619 404226 417663 
> 352517	303857 353481 374928 423650 
> 353481	334640 352517 423650 
> 359546	301885 374928 409915 
> 359891	398565 405831 
> 374380	333852 405831 
> 374928	303857 352517 359546 446910 
> 383759	321605 409915 
> 389918	334979 389918 397189 432245 433094 
> 397189	321605 389918 439510 
> 398565	334640 359891 467886 
> 404226	334979 344713 417663 433094 
> 405831	333852 359891 374380 486869 
> 409915	359546 383759 477394 
> 417663	344713 404226 484250 
> 423650	352517 353481 460626 493835 
> 432245	389918 433094 487074 
> 433094	389918 404226 432245 
> 439510	397189 477394 517836 
> 446910	374928 526067 
> 460626	423650 467886 529015 
> 467886	398565 460626 514663 
> 477394	409915 439510 517836 562923 
> 484250	417663 497801 564356 
> 486869	405831 545351 
> 487074	432245 497801 533942 
> 489239	526067 535119 540598 
> 493835	423650 529015 540598 
> 497801	484250 487074 544605 564356 
> 514663	467886 529015 577681 
> 517836	439510 477394 568190 
> 526067	446910 489239 535119 562923 
> 529015	460626 493835 514663 591098 
> 533942	487074 568190 601414 
> 535119	489239 526067 540598 
> 540598	489239 493835 535119 575739 585530 
> 544605	497801 601351 
> 545351	486869 577681 582285 
> 562923	477394 526067 611466 
> 564356	484250 497801 601351 645335 
> 568190	517836 533942 601414 611466 631193 
> 575739	540598 632465 641398 
> 577681	514663 545351 629881 
> 582285	545351 603826 
> 585530	540598 652088 
> 591098	529015 636125 
> 601351	544605 564356 601414 
> 601414	533942 568190 601351 631193 
> 603826	582285 629881 639882 
> 611466	562923 568190 652912 
> 629881	577681 603826 
> 631193	568190 601414 
> 632465	575739 636125 641398 685581 
> 636125	591098 632465 685581 698257 
> 639882	603826 673138 
> 641398	575739 632465 666541 
> 645335	564356 737117 
> 652088	585530 652912 666541 739406 
> 652912	611466 652088 716777 
> 666541	641398 652088 
> 673138	639882 698257 
> 684234	692244 734627 796702 
> 685581	632465 636125 698257 701700 744954 
> 692244	684234 695780 748886 783041 
> 695780	692244 737117 748886 783041 
> 698257	636125 673138 685581 
> 701700	685581 744954 792555 
> 708596	716777 734627 774318 
> 716777	652912 708596 759144 774318 
> 734627	684234 708596 774318 796702 
> 737117	645335 695780 783041 
> 739406	652088 759144 786189 
> 744954	685581 701700 766618 772979 797120 
> 748886	692244 695780 783041 
> 759144	716777 739406 786189 
> 766618	744954 766618 772979 797120 
> 772979	744954 766618 
> 774318	708596 716777 734627 
> 783041	692244 695780 737117 748886 
> 786189	739406 759144 792555 797120 
> 792555	701700 786189 797120 
> 796702	684234 734627 
> 797120	744954 766618 786189 792555 
 
Running testBFSPaths [graph.dat]:
0a1,202
> 112767 17411 17482 26546 24826 12275 
> 112767 111815 25359 12694 
> 112767 17411 
> 112767 17411 17482 
> 112767 17411 17482 26546 24826 41128 19588 
> 112767 17411 17482 26546 24826 41128 19588 52935 35087 19697 
> 112767 17411 17482 26546 24826 
> 112767 111815 25359 
> 112767 17411 17482 26546 
> 112767 111815 25359 28816 
> 112767 17411 34414 
> 112767 17411 17482 26546 24826 41128 19588 52935 35087 
> 112767 17411 17482 26546 24826 41128 
> 112767 17411 51574 
> 112767 17411 17482 26546 24826 41128 19588 52935 
> 112767 111815 25359 55864 
> 112767 17411 34414 55916 
> 112767 17411 17482 26546 24826 63556 
> 112767 124541 125498 71529 
> 112767 17411 78655 
> 112767 17411 17482 26546 24826 41128 19588 52935 35087 80069 
> 112767 17411 17482 26546 24826 41128 91548 
> 112767 17411 17482 26546 96812 
> 112767 111815 97353 
> 112767 17411 17482 26546 24826 41128 19588 109610 107903 
> 112767 17411 17482 26546 24826 41128 19588 109610 
> 112767 111815 97353 109871 
> 112767 111815 
> 112767 17411 17482 26546 96812 113095 
> 112767 124541 125498 71529 117452 
> 112767 17411 34414 55916 117921 
> 112767 124541 
> 112767 124541 125498 
> 112767 17411 17482 26546 24826 41128 19588 52935 130355 
> 112767 111815 141477 
> 112767 17411 17482 26546 96812 113095 145559 
> 112767 17411 17482 26546 24826 41128 19588 52935 35087 80069 157473 
> 112767 17411 17482 26546 24826 41128 19588 52935 130355 161008 
> 112767 163200 
> 112767 124541 180378 220060 176915 169777 
> 112767 17411 17482 26546 96812 113095 145559 170807 
> 112767 175729 
> 112767 124541 180378 220060 176915 
> 112767 124541 125498 177733 
> 112767 111815 141477 179196 
> 112767 124541 180378 
> 112767 175729 181952 
> 112767 17411 17482 26546 96812 113095 145559 193256 
> 112767 111815 141477 179196 198920 
> 112767 124541 208219 
> 112767 17411 17482 26546 96812 113095 145559 170807 210490 208741 
> 112767 17411 17482 26546 96812 113095 145559 170807 210490 
> 112767 163200 211761 
> 112767 124541 180378 220060 176915 169777 216611 
> 112767 175729 219804 
> 112767 124541 180378 220060 
> 112767 17411 17482 26546 96812 113095 145559 170807 223942 
> 112767 17411 17482 26546 96812 113095 145559 170807 229292 
> 112767 124541 180378 232586 
> 112767 175729 181952 235906 
> 112767 124541 180378 220060 176915 239008 
> 112767 17411 17482 26546 96812 113095 145559 170807 210490 239381 
> 112767 111815 141477 179196 244840 
> 112767 124541 180378 220060 176915 169777 246270 
> 112767 124541 180378 232586 260405 
> 112767 124541 180378 220060 176915 169777 216611 267949 
> 112767 163200 211761 268450 
> 112767 175729 219804 271956 
> 112767 17411 17482 26546 96812 113095 145559 170807 210490 278001 
> 112767 124541 180378 232586 279379 
> 112767 175729 181952 235906 283587 
> 112767 17411 17482 26546 96812 113095 145559 170807 223942 285142 
> 112767 175729 181952 235906 293419 
> 112767 124541 180378 220060 301948 297505 
> 112767 124541 180378 220060 301948 
> 112767 17411 17482 26546 96812 113095 145559 170807 210490 239381 304165 
> 112767 163200 211761 268450 305386 
> 112767 124541 180378 220060 176915 239008 308360 
> 112767 124541 180378 220060 176915 169777 216611 267949 314801 
> 112767 163200 211761 268450 305386 317928 
> 112767 124541 180378 220060 176915 239008 308360 324623 
> 112767 124541 180378 220060 301948 326165 
> 112767 124541 180378 220060 176915 169777 216611 267949 314801 330183 
> 112767 175729 181952 235906 283587 343045 
> 112767 124541 180378 220060 301948 351507 
> 112767 124541 180378 220060 301948 357738 
> 112767 124541 180378 220060 176915 169777 216611 267949 314801 330183 360820 
> 112767 175729 181952 235906 283587 360950 
> 112767 17411 17482 26546 96812 113095 145559 170807 210490 239381 304165 361772 
> 112767 163200 211761 268450 305386 370146 
> 112767 175729 181952 235906 283587 343045 371806 
> 112767 124541 180378 220060 301948 351507 374980 
> 112767 163200 211761 268450 305386 377439 
> 112767 124541 180378 220060 176915 169777 216611 267949 314801 377804 
> 112767 124541 180378 220060 301948 351507 374980 380445 
> 112767 124541 180378 220060 301948 351507 374980 380445 429084 390468 
> 112767 124541 180378 220060 301948 351507 395573 
> 112767 163200 211761 268450 305386 317928 398002 
> 112767 163200 211761 268450 305386 377439 408099 
> 112767 175729 181952 235906 283587 360950 411374 
> 112767 124541 180378 220060 301948 351507 374980 380445 429084 390468 456224 412148 
> 112767 163200 211761 268450 305386 370146 416056 
> 112767 124541 180378 220060 301948 351507 374980 419950 
> 112767 124541 180378 220060 301948 351507 374980 380445 422719 
> 112767 163200 211761 268450 305386 317928 398002 427644 
> 112767 124541 180378 220060 301948 351507 374980 380445 429084 
> 112767 124541 180378 220060 301948 351507 395573 433402 
> 112767 163200 211761 268450 305386 377439 436851 
> 112767 124541 180378 220060 301948 351507 374980 380445 429084 437235 
> 112767 163200 211761 268450 305386 370146 447600 
> 112767 163200 211761 268450 305386 377439 408099 453154 
> 112767 124541 180378 220060 301948 351507 374980 380445 429084 390468 456224 
> 112767 124541 180378 220060 301948 351507 374980 419950 458680 
> 112767 175729 181952 235906 283587 360950 411374 462646 
> 112767 175729 181952 235906 283587 343045 371806 462699 
> 112767 124541 180378 220060 301948 351507 374980 380445 429084 390468 456224 477877 
> 112767 163200 211761 268450 305386 370146 416056 479057 
> 112767 163200 211761 268450 305386 370146 447600 485440 
> 112767 163200 211761 268450 305386 377439 408099 485502 
> 112767 163200 211761 268450 305386 370146 416056 487106 
> 112767 124541 180378 220060 301948 351507 374980 380445 429084 437235 489471 
> 112767 124541 180378 220060 301948 351507 374980 380445 422719 491118 490280 
> 112767 124541 180378 220060 301948 351507 374980 380445 422719 491118 
> 112767 163200 211761 268450 305386 317928 398002 427644 501432 
> 112767 163200 211761 268450 305386 377439 408099 485502 554850 503587 
> 112767 124541 180378 220060 301948 351507 374980 419950 458680 507262 
> 112767 163200 211761 268450 305386 377439 436851 522369 
> 112767 124541 180378 220060 301948 351507 374980 380445 429084 390468 456224 524605 
> 112767 163200 211761 268450 305386 317928 398002 427644 501432 525673 
> 112767 163200 211761 268450 305386 370146 416056 479057 534838 
> 112767 124541 180378 220060 301948 351507 374980 380445 422719 491118 537968 535334 
> 112767 163200 211761 268450 305386 370146 416056 487106 536574 
> 112767 124541 180378 220060 301948 351507 374980 380445 422719 491118 537968 
> 112767 175729 181952 235906 283587 360950 411374 462646 542716 
> 112767 124541 180378 220060 301948 351507 374980 380445 429084 390468 456224 549865 
> 112767 163200 211761 268450 305386 370146 416056 479057 552917 
> 112767 163200 211761 268450 305386 377439 408099 485502 554850 
> 112767 163200 211761 268450 305386 377439 408099 485502 554850 503587 557623 
> 112767 163200 211761 268450 305386 317928 398002 427644 501432 559007 
> 112767 124541 180378 220060 301948 351507 374980 380445 429084 437235 489471 566878 
> 112767 124541 180378 220060 301948 351507 374980 419950 458680 507262 574793 
> 112767 124541 180378 220060 301948 351507 374980 380445 422719 491118 537968 578511 
> 112767 163200 211761 268450 305386 370146 416056 487106 536574 579789 
> 112767 163200 211761 268450 305386 317928 398002 427644 501432 525673 581442 
> 112767 163200 211761 268450 305386 377439 436851 522369 584492 
> 112767 163200 211761 268450 305386 370146 416056 479057 534838 587981 
> 112767 124541 180378 220060 301948 351507 374980 380445 429084 390468 456224 524605 602062 
> 112767 175729 181952 235906 283587 360950 411374 462646 542716 607586 
> 112767 124541 180378 220060 301948 351507 374980 419950 458680 507262 574793 616149 
> 112767 163200 211761 268450 305386 370146 416056 479057 552917 619517 
> 112767 124541 180378 220060 301948 351507 374980 380445 422719 491118 537968 578511 621759 
> 112767 163200 211761 268450 305386 370146 416056 479057 534838 587981 625747 
> 112767 124541 180378 220060 301948 351507 374980 419950 458680 507262 574793 627045 
> 112767 124541 180378 220060 301948 351507 374980 380445 422719 491118 537968 627995 
> 112767 163200 211761 268450 305386 317928 398002 427644 501432 559007 628335 
> 112767 163200 211761 268450 305386 377439 436851 522369 584492 652931 634989 
> 112767 124541 180378 220060 301948 351507 374980 380445 422719 491118 537968 578511 621759 645225 
> 112767 163200 211761 268450 305386 317928 398002 427644 501432 559007 628335 652701 
> 112767 163200 211761 268450 305386 377439 436851 522369 584492 652931 
> 112767 163200 211761 268450 305386 317928 398002 427644 501432 525673 581442 653481 
> 112767 175729 181952 235906 283587 360950 411374 462646 542716 607586 659719 
> 112767 124541 180378 220060 301948 351507 374980 419950 458680 507262 574793 616149 662086 
> 112767 163200 211761 268450 305386 377439 436851 522369 584492 665480 
> 112767 163200 211761 268450 305386 377439 436851 522369 584492 652931 634989 668333 
> 112767 124541 180378 220060 301948 351507 374980 380445 429084 390468 456224 524605 602062 668681 
> 112767 163200 211761 268450 305386 377439 436851 522369 584492 665480 692426 670768 
> 112767 124541 180378 220060 301948 351507 374980 380445 422719 491118 537968 627995 673021 
> 112767 124541 180378 220060 301948 351507 374980 419950 458680 507262 574793 627045 675640 
> 112767 124541 180378 220060 301948 351507 374980 380445 422719 491118 537968 578511 621759 679381 
> 112767 163200 211761 268450 305386 317928 398002 427644 501432 559007 628335 685017 
> 112767 163200 211761 268450 305386 377439 436851 522369 584492 665480 692426 
> 112767 163200 211761 268450 305386 377439 436851 522369 584492 652931 634989 697967 
> 112767 163200 211761 268450 305386 377439 436851 522369 584492 652931 704215 
> 112767 175729 181952 235906 283587 360950 411374 462646 542716 607586 659719 711076 
> 112767 163200 211761 268450 305386 317928 398002 427644 501432 559007 628335 652701 713859 
> 112767 163200 211761 268450 305386 377439 436851 522369 584492 665480 692426 713943 
> 112767 124541 180378 220060 301948 351507 374980 380445 422719 491118 537968 578511 621759 679381 724344 
> 112767 163200 211761 268450 305386 377439 436851 522369 584492 652931 634989 668333 725101 
> 112767 124541 180378 220060 301948 351507 374980 380445 422719 491118 537968 578511 621759 645225 728929 
> 112767 163200 211761 268450 305386 377439 436851 522369 584492 665480 692426 670768 729294 
> 112767 175729 181952 235906 283587 360950 411374 462646 542716 607586 659719 729915 
> 112767 124541 180378 220060 301948 351507 374980 380445 422719 491118 537968 627995 673021 730561 
> 112767 163200 211761 268450 305386 377439 436851 522369 584492 652931 634989 668333 732237 
> 112767 124541 180378 220060 301948 351507 374980 380445 422719 491118 537968 578511 621759 645225 734379 
> 112767 163200 211761 268450 305386 377439 436851 522369 584492 652931 704215 739282 
> 112767 163200 211761 268450 305386 377439 436851 522369 584492 652931 704215 742048 
> 112767 163200 211761 268450 305386 377439 436851 522369 584492 665480 692426 778751 759771 
> 112767 175729 181952 235906 283587 360950 411374 462646 542716 607586 659719 711076 766913 
> 112767 124541 180378 220060 301948 351507 374980 380445 429084 390468 456224 524605 602062 668681 776654 
> 112767 163200 211761 268450 305386 377439 436851 522369 584492 665480 692426 778751 
> 112767 163200 211761 268450 305386 377439 436851 522369 584492 652931 634989 668333 725101 783594 
> 112767 163200 211761 268450 305386 377439 436851 522369 584492 652931 634989 668333 725101 798957 783772 
> 112767 163200 211761 268450 305386 377439 436851 522369 584492 652931 704215 739282 784281 
> 112767 163200 211761 268450 305386 377439 436851 522369 584492 652931 634989 668333 732237 787087 
> 112767 163200 211761 268450 305386 377439 436851 522369 584492 652931 704215 739282 789602 
> 112767 175729 181952 235906 283587 360950 411374 462646 542716 607586 659719 711076 791131 
> 112767 163200 211761 268450 305386 377439 436851 522369 584492 652931 704215 742048 791641 
> 112767 124541 180378 220060 301948 351507 374980 380445 422719 491118 537968 627995 673021 730561 797215 
> 112767 163200 211761 268450 305386 377439 436851 522369 584492 652931 634989 668333 725101 798957 
> Connected components: 1
> Articulation Nodes:   
> 
 
Running testBFSPaths [sparseGraph.dat]:
0a1,152
> 766618 744954 685581 632465 575739 540598 493835 423650 352517 303857 255250 234503 184936 120131 67018 56296 14945 
> 766618 744954 685581 632465 575739 540598 493835 423650 352517 303857 255250 234503 184936 120131 67018 17552 
> 766618 744954 685581 632465 575739 540598 493835 423650 352517 303857 255250 234503 184936 155166 173092 135237 88392 19042 
> 766618 744954 685581 632465 575739 540598 493835 423650 353481 334640 301382 255469 193392 149228 86267 25067 
> 766618 744954 685581 632465 575739 540598 493835 423650 353481 334640 301382 255469 193392 149228 86267 27716 25827 
> 766618 744954 685581 632465 575739 540598 493835 423650 353481 334640 301382 255469 193392 149228 86267 27716 
> 766618 744954 685581 632465 575739 540598 493835 423650 352517 303857 255250 234503 184936 155166 105655 97483 29083 
> 766618 744954 685581 632465 575739 540598 493835 423650 353481 334640 301382 255469 193392 149228 86267 25067 34118 
> 766618 744954 685581 632465 575739 540598 493835 423650 352517 303857 255250 234503 184936 155166 105655 97483 39823 
> 766618 744954 685581 632465 575739 540598 493835 423650 352517 303857 255250 234503 184936 120131 67018 45330 
> 766618 744954 685581 632465 575739 540598 493835 423650 353481 334640 301382 255469 193392 149228 150060 91534 51881 
> 766618 744954 685581 632465 575739 540598 493835 423650 353481 334640 301382 255469 193392 149228 86267 55781 
> 766618 744954 685581 632465 575739 540598 493835 423650 352517 303857 255250 234503 184936 120131 67018 56296 
> 766618 744954 685581 632465 575739 540598 493835 423650 352517 303857 255250 234503 184936 155166 173092 135237 88392 57675 
> 766618 744954 685581 632465 575739 540598 493835 423650 352517 303857 255250 234503 184936 120131 67018 
> 766618 744954 685581 632465 575739 540598 493835 423650 353481 334640 301382 255469 193392 149228 86267 
> 766618 744954 685581 632465 575739 540598 493835 423650 352517 303857 255250 234503 184936 155166 173092 135237 88392 
> 766618 744954 685581 632465 575739 540598 493835 423650 353481 334640 301382 255469 193392 149228 150060 91534 
> 766618 744954 685581 632465 575739 540598 493835 423650 352517 303857 255250 234503 184936 155166 105655 97483 
> 766618 744954 685581 632465 575739 540598 493835 423650 352517 303857 255250 234503 184936 120131 100410 
> 766618 744954 685581 632465 575739 540598 493835 423650 352517 303857 255250 234503 184936 155166 105655 
> 766618 744954 685581 632465 575739 540598 493835 423650 352517 303857 255250 234503 184936 155166 173092 135237 88392 116218 
> 766618 744954 685581 632465 575739 540598 493835 423650 352517 303857 255250 234503 184936 120131 
> 766618 797120 786189 739406 652088 652912 611466 562923 477394 409915 383759 321605 280154 287300 227846 173752 124251 
> 766618 744954 685581 632465 575739 540598 493835 423650 352517 303857 255250 234503 184936 120131 100410 134674 
> 766618 744954 685581 632465 575739 540598 493835 423650 352517 303857 255250 234503 184936 155166 173092 135237 
> 766618 744954 685581 632465 575739 540598 493835 423650 353481 334640 301382 255469 193392 141252 
> 766618 744954 685581 632465 575739 540598 493835 423650 352517 303857 255250 234503 184936 155166 173092 135237 141465 
> 766618 744954 685581 632465 575739 540598 493835 423650 353481 334640 301382 255469 193392 149228 
> 766618 744954 685581 632465 575739 540598 493835 423650 353481 334640 301382 255469 193392 149228 150060 
> 766618 744954 685581 632465 575739 540598 493835 423650 352517 303857 255250 234503 184936 155166 
> 766618 744954 685581 632465 575739 540598 493835 423650 352517 303857 255250 234503 184936 155283 
> 766618 797120 786189 739406 652088 652912 611466 562923 477394 409915 383759 321605 280154 287300 227846 172011 
> 766618 744954 685581 632465 575739 540598 493835 423650 352517 303857 255250 234503 184936 155166 173092 
> 766618 797120 786189 739406 652088 652912 611466 562923 477394 409915 383759 321605 280154 287300 227846 173752 
> 766618 744954 685581 632465 575739 540598 493835 423650 352517 303857 255250 234503 184936 
> 766618 744954 685581 632465 575739 540598 493835 423650 352517 303857 255250 234503 185951 
> 766618 744954 685581 632465 575739 540598 493835 423650 352517 303857 255250 234503 184936 155166 173092 188315 
> 766618 744954 685581 632465 575739 540598 493835 423650 353481 334640 301382 255469 193392 
> 766618 744954 685581 632465 575739 540598 493835 423650 352517 303857 257108 200432 246394 197831 
> 766618 744954 685581 632465 575739 540598 493835 423650 352517 303857 257108 200432 
> 766618 744954 685581 632465 575739 540598 493835 423650 352517 303857 255250 234503 184936 155166 212762 
> 766618 744954 685581 632465 575739 540598 493835 423650 353481 334640 301382 255469 221341 
> 766618 797120 786189 739406 652088 652912 611466 562923 477394 409915 383759 321605 280154 287300 227846 
> 766618 744954 685581 632465 575739 540598 493835 423650 352517 303857 255250 234503 
> 766618 744954 685581 632465 575739 540598 493835 423650 352517 303857 255250 234503 184936 155166 173092 241508 
> 766618 744954 685581 632465 575739 540598 493835 423650 352517 303857 257108 200432 246394 
> 766618 744954 685581 632465 575739 540598 493835 423650 353481 334640 301382 333852 254676 
> 766618 744954 685581 632465 575739 540598 493835 423650 352517 303857 255250 
> 766618 744954 685581 632465 575739 540598 493835 423650 353481 334640 301382 255469 
> 766618 744954 685581 632465 575739 540598 493835 423650 352517 303857 257108 
> 766618 797120 786189 739406 652088 652912 611466 562923 477394 409915 383759 321605 280154 287300 227846 263816 
> 766618 744954 685581 632465 575739 540598 489239 526067 446910 374928 359546 301885 267734 
> 766618 744954 685581 632465 575739 540598 493835 423650 353481 334640 301382 255469 277131 
> 766618 797120 786189 739406 652088 652912 611466 562923 477394 409915 383759 321605 280154 
> 766618 797120 786189 739406 652088 652912 611466 568190 533942 487074 432245 433094 404226 344713 282619 
> 766618 797120 786189 739406 652088 652912 611466 562923 477394 409915 383759 321605 280154 287300 
> 766618 744954 685581 632465 575739 540598 493835 423650 352517 303857 257108 299456 
> 766618 744954 685581 632465 575739 540598 493835 423650 353481 334640 301382 
> 766618 744954 685581 632465 575739 540598 489239 526067 446910 374928 359546 301885 
> 766618 744954 685581 632465 575739 540598 493835 423650 352517 303857 
> 766618 797120 786189 739406 652088 652912 611466 568190 533942 487074 432245 433094 404226 344713 282619 309698 
> 766618 797120 786189 739406 652088 652912 611466 562923 477394 409915 383759 321605 
> 766618 797120 786189 739406 652088 652912 611466 562923 477394 409915 383759 321605 280154 332337 
> 766618 744954 685581 632465 575739 540598 493835 423650 353481 334640 301382 333852 
> 766618 744954 685581 632465 575739 540598 493835 423650 353481 334640 
> 766618 797120 786189 739406 652088 652912 611466 562923 477394 439510 397189 389918 334979 
> 766618 797120 786189 739406 652088 652912 611466 568190 533942 487074 432245 433094 404226 344713 
> 766618 744954 685581 632465 575739 540598 493835 423650 352517 
> 766618 744954 685581 632465 575739 540598 493835 423650 353481 
> 766618 744954 685581 632465 575739 540598 489239 526067 446910 374928 359546 
> 766618 744954 685581 636125 591098 529015 460626 467886 398565 359891 
> 766618 744954 685581 636125 591098 529015 460626 467886 398565 359891 405831 374380 
> 766618 744954 685581 632465 575739 540598 489239 526067 446910 374928 
> 766618 797120 786189 739406 652088 652912 611466 562923 477394 409915 383759 
> 766618 797120 786189 739406 652088 652912 611466 562923 477394 439510 397189 389918 
> 766618 797120 786189 739406 652088 652912 611466 562923 477394 439510 397189 
> 766618 744954 685581 636125 591098 529015 460626 467886 398565 
> 766618 797120 786189 739406 652088 652912 611466 568190 533942 487074 432245 433094 404226 
> 766618 744954 685581 636125 591098 529015 460626 467886 398565 359891 405831 
> 766618 797120 786189 739406 652088 652912 611466 562923 477394 409915 
> 766618 797120 786189 739406 652088 652912 611466 568190 533942 487074 497801 484250 417663 
> 766618 744954 685581 632465 575739 540598 493835 423650 
> 766618 797120 786189 739406 652088 652912 611466 568190 533942 487074 432245 
> 766618 797120 786189 739406 652088 652912 611466 568190 533942 487074 432245 433094 
> 766618 797120 786189 739406 652088 652912 611466 562923 477394 439510 
> 766618 744954 685581 632465 575739 540598 489239 526067 446910 
> 766618 744954 685581 636125 591098 529015 460626 
> 766618 744954 685581 636125 591098 529015 460626 467886 
> 766618 797120 786189 739406 652088 652912 611466 562923 477394 
> 766618 797120 786189 739406 652088 652912 611466 568190 533942 487074 497801 484250 
> 766618 744954 685581 636125 591098 529015 514663 577681 545351 486869 
> 766618 797120 786189 739406 652088 652912 611466 568190 533942 487074 
> 766618 744954 685581 632465 575739 540598 489239 
> 766618 744954 685581 632465 575739 540598 493835 
> 766618 797120 786189 739406 652088 652912 611466 568190 533942 487074 497801 
> 766618 744954 685581 636125 591098 529015 514663 
> 766618 797120 786189 739406 652088 652912 611466 568190 517836 
> 766618 744954 685581 632465 575739 540598 489239 526067 
> 766618 744954 685581 636125 591098 529015 
> 766618 797120 786189 739406 652088 652912 611466 568190 533942 
> 766618 744954 685581 632465 575739 540598 535119 
> 766618 744954 685581 632465 575739 540598 
> 766618 797120 786189 739406 652088 652912 611466 568190 601414 601351 544605 
> 766618 744954 685581 636125 591098 529015 514663 577681 545351 
> 766618 797120 786189 739406 652088 652912 611466 562923 
> 766618 797120 786189 739406 652088 652912 611466 568190 601414 601351 564356 
> 766618 797120 786189 739406 652088 652912 611466 568190 
> 766618 744954 685581 632465 575739 
> 766618 744954 685581 636125 591098 529015 514663 577681 
> 766618 744954 685581 698257 673138 639882 603826 582285 
> 766618 797120 786189 739406 652088 585530 
> 766618 744954 685581 636125 591098 
> 766618 797120 786189 739406 652088 652912 611466 568190 601414 601351 
> 766618 797120 786189 739406 652088 652912 611466 568190 601414 
> 766618 744954 685581 698257 673138 639882 603826 
> 766618 797120 786189 739406 652088 652912 611466 
> 766618 744954 685581 698257 673138 639882 603826 629881 
> 766618 797120 786189 739406 652088 652912 611466 568190 631193 
> 766618 744954 685581 632465 
> 766618 744954 685581 636125 
> 766618 744954 685581 698257 673138 639882 
> 766618 744954 685581 632465 641398 
> 766618 797120 786189 739406 652088 652912 611466 568190 601414 601351 564356 645335 
> 766618 797120 786189 739406 652088 
> 766618 797120 786189 739406 652088 652912 
> 766618 744954 685581 632465 641398 666541 
> 766618 744954 685581 698257 673138 
> 766618 797120 786189 759144 716777 708596 734627 684234 
> 766618 744954 685581 
> 766618 797120 786189 759144 716777 708596 734627 684234 692244 
> 766618 797120 786189 759144 716777 708596 734627 684234 692244 695780 
> 766618 744954 685581 698257 
> 766618 744954 701700 
> 766618 797120 786189 759144 716777 708596 
> 766618 797120 786189 759144 716777 
> 766618 797120 786189 759144 716777 708596 734627 
> 766618 797120 786189 759144 716777 708596 734627 684234 692244 695780 737117 
> 766618 797120 786189 739406 
> 766618 744954 
> 766618 797120 786189 759144 716777 708596 734627 684234 692244 748886 
> 766618 797120 786189 759144 
> 766618 772979 
> 766618 797120 786189 759144 716777 774318 
> 766618 797120 786189 759144 716777 708596 734627 684234 692244 783041 
> 766618 797120 786189 
> 766618 797120 792555 
> 766618 797120 786189 759144 716777 708596 734627 796702 
> 766618 797120 
> Connected components: 1
> Articulation Nodes:   
> 97483 
 
Memory checking:
valgrind: testBFSPaths: command not found
